# 1
B.bid
# 4010
4975
16928
14523
13793
10364
19198
18212
10020
12362
14053
19824
8971
6566
14758
15409
13004
18791
16051
5454
3033
12597
10843
2651
13890
7045
13483
8657
12434
5933
8275
4884
2479
11322
8187
18465
11964
18377
6756
12543
5770
11557
18700
13811
17588
155
7617
15809
12380
11394
8989
17181
3202
13648
11243
9233
15020
14290
7470
5049
13908
11503
4667
2262
12859
1532
15906
19914
101
1776
15499
743
6514
2099
10933
2741
10203
14966
18395
15592
12201
14559
17606
12780
1848
4206
14073
19604
10619
14396
7895
13666
1059
17443
1701
9893
8114
2264
18648
1294
2906
16885
11098
501
3548
8311
16503
4904
13096
10691
5546
2117
13738
17771
19143
2759
10221
10951
11577
980
19769
12949
18720
10528
8790
8060
5399
19362
15845
817
13042
3864
12056
6222
13684
1077
17461
28
8220
5085
13277
3075
17054
8132
17680
7083
15275
5329
13521
263
16647
10130
4280
3566
8313
17940
11758
13756
3810
1405
9597
17789
7562
19787
1649
7180
12967
18033
11188
14235
4994
3240
17219
14814
2207
3882
6224
14416
7915
2833
18105
5103
12897
10492
18684
17698
7101
2300
5347
9099
7345
10727
16909
8717
12725
5184
19163
13376
374
19805
7198
2372
17002
14341
3665
11857
14983
4370
12562
19000
10094
3258
853
6624
12092
9687
7933
16830
9289
5898
1739
11303
8882
16344
12915
10254
15311
15962
10880
19072
14913
4316
6007
17309
7363
13150
18921
14506
3590
17553
6956
17402
14741
7200
13629
1278
14985
4388
16613
1904
15627
5681
11468
871
19660
2227
6260
2869
448
8640
15094
1757
18141
11305
3113
19497
3755
19090
2706
1976
18360
4334
9135
7381
10747
2555
8737
3990
16215
10365
19976
9379
15166
18213
14759
2392
10584
6169
6081
2652
19036
5032
5699
3294
13891
11486
16287
2245
3920
18629
466
9325
6904
10656
13719
10274
11965
18466
9544
13321
19108
14949
12528
5771
945
9137
14542
11151
2959
6976
12763
16540
7618
19587
17182
4831
13023
10602
12037
9616
8583
17426
15021
4408
16633
5050
13909
5717
3296
891
8097
19680
15240
5310
17535
19915
7950
11983
1370
9562
4480
5147
7157
16705
15349
3368
963
17347
1630
9822
10527
16965
2961
9415
6994
5240
13432
2579
17184
8992
6587
13025
7254
6205
7880
19454
16777
12618
14309
19698
17037
8115
16307
4686
5312
502
12471
11741
17923
2500
2118
10310
9580
11985
4498
16723
10222
9173
1632
599
16253
15204
18981
7654
5644
11431
3239
4851
13043
16090
13685
411
12636
14327
671
3718
11117
504
18323
8314
4923
18902
14487
13757
15113
5183
12326
17383
1650
12952
8793
12545
14236
18999
6044
1885
7656
3241
836
5255
2834
15059
12654
6137
47
8239
13280
17057
15945
13540
10149
12491
5990
3569
17292
7346
13133
8718
6297
16910
16180
3829
12021
12726
19164
18178
19806
9193
14724
18757
7825
15224
4371
18287
7674
5664
11451
17238
9672
17864
7934
9290
19878
13298
19480
691
17717
7771
5366
2689
1975
5992
19715
926
17961
5585
2156
9362
18196
7599
4154
19808
9211
2391
18775
8829
6152
14344
2635
15628
856
6643
12825
2228
15872
2870
14109
19880
11688
4868
10655
3114
8901
11306
8171
11948
3756
7122
15981
1977
12527
3349
13153
2556
12183
2174
3593
1188
6975
11785
2800
10022
7601
12364
3442
11634
14744
6552
7219
10585
4084
1423
18777
14362
11894
10845
8424
5033
19679
9066
6405
14597
12843
17900
467
17518
14127
9952
15739
7547
13078
11324
8919
14690
17111
6498
5512
11966
10275
7807
5130
8496
10187
14950
9138
4979
3993
12185
6351
8026
5621
16948
2944
19328
4572
12764
16541
1832
12382
5865
4816
10603
18795
11896
9235
15022
6423
3939
1534
15241
5311
485
9328
14859
12454
11724
8295
18162
19916
4888
729
14708
11968
1371
9563
17755
8514
11561
17348
1631
9823
18015
4741
12203
8774
582
14545
11154
3629
1208
11821
15187
5241
2580
13433
175
10042
7637
15829
18964
11414
6588
801
7255
2429
4834
5476
17445
6832
12619
15024
12
1703
5069
13261
3315
19699
6425
8116
12149
9472
1922
10114
12456
14147
14877
11742
8297
15519
17924
2501
18885
10311
1389
17773
4499
7160
2745
340
13984
11579
3387
1633
4029
584
6371
8776
16254
11839
12784
2598
10790
10060
18252
18982
5645
13837
7257
7899
8604
1079
16796
17463
9271
19843
30
7492
19461
8134
9490
12474
5973
14165
9750
4924
3170
19554
6280
16163
2121
4517
8550
15756
1651
7808
5403
11841
1244
6045
18984
16579
195
1886
4614
12076
2835
19219
19861
8224
5756
14653
16328
11913
7103
7754
5349
19312
8459
10713
18905
3188
13760
2139
9345
6940
16744
18758
10566
17004
3667
9454
15225
12564
1262
8405
18272
15867
13206
6244
16127
16816
15078
14092
11687
19879
50
13299
6479
4725
2048
15297
14915
12510
14185
9770
15557
18923
16199
13778
18541
1171
4537
378
18197
1813
15776
11617
1020
6551
7202
8830
6153
14345
19402
3685
2636
8423
16615
7437
5016
5683
3278
857
19662
16271
4634
10421
12826
17883
1499
14454
5276
8642
4227
14110
16452
1759
7530
13061
8260
10640
8902
3115
710
17094
16364
5511
17720
14203
11542
3594
1189
4555
13414
10993
3443
15412
18778
6171
7862
12584
4392
2654
13226
3280
19664
14598
17259
6406
4652
12114
10439
14456
1517
2873
1135
12437
3515
86
19517
712
17096
13705
18468
16689
13965
947
4980
13172
8757
16219
19329
1207
4191
3205
784
6571
2412
9618
16056
5459
19438
11897
2656
7457
13911
12862
12132
1535
7717
13488
8678
1137
14860
12455
5938
16870
88
18163
10294
15351
4482
5149
2728
18398
14953
3370
9157
9808
7403
18705
12204
16967
14546
3630
17593
15188
9401
13434
10773
15830
6589
15432
13027
10622
6207
15025
13
1688
5070
13913
11508
17039
19700
655
4672
12864
3958
17665
15260
7735
10115
106
4907
2502
748
17132
6279
5549
13741
341
2016
9826
4744
16255
2981
3632
1227
4593
14220
19609
9012
13045
3867
9654
2818
8605
1064
6851
17448
12638
3460
16415
19844
31
5739
19462
8849
6444
10477
12152
15929
13524
2927
506
10133
5974
4925
6281
3813
13361
18418
15757
19790
9177
18036
15375
16987
603
11191
7016
14238
13189
5648
11435
7276
18578
14419
7918
13689
2836
9274
6869
33
19464
3080
4708
2303
1317
15947
14898
9102
9753
17945
13135
11381
512
12023
17538
19166
7583
15775
5829
14021
4138
12330
4780
2375
10567
17005
18759
11193
19385
14240
6048
8406
16598
15868
13207
13858
840
12809
12095
3903
7920
5259
19238
6887
3480
11672
19864
18831
11290
17077
6464
7106
15965
7773
5352
286
16670
14916
18345
5994
17296
15558
13137
14509
13779
2158
19168
379
10006
3426
17405
10569
4068
17023
14988
15630
17242
6645
18614
2230
17884
10422
7682
3905
19240
4228
11690
69
11308
17095
4728
11950
13562
19093
6012
17314
15560
10750
1190
4556
13415
8333
16525
141
3444
11636
15413
4800
2395
4086
18779
14364
13634
5442
11880
9219
15006
2655
1669
7440
11473
14599
17902
2874
16853
14113
3516
15741
19518
713
3134
11326
10277
3760
13324
2727
306
18381
6744
4339
12531
14936
8028
9384
10756
10026
1834
12368
785
17169
14764
15431
18797
17811
5460
9237
17429
252
15910
5297
12440
5939
11726
9972
1780
4890
2485
19520
18487
11970
1373
15336
7144
13342
10921
16708
2015
966
9809
4743
12205
1210
15189
5243
13435
2582
14077
15433
4836
13028
2431
1445
10623
9637
8588
6834
14296
2675
14
9881
16398
13263
13914
10460
9474
16873
5957
7313
15505
19538
10297
18489
1391
7162
12693
14972
12311
3389
11581
4745
586
6373
16240
19366
12786
2584
179
9013
17205
7259
10369
17847
17449
15044
12639
14314
19845
16
9899
3079
658
4691
17684
13525
18326
4284
13118
18889
19556
8959
17151
18507
344
18419
4121
14004
986
18037
18742
12225
6391
13597
15209
4356
2602
16581
1872
15851
19628
17223
14802
4856
2195
6228
16111
5498
13690
14420
2837
6870
8608
11671
19863
34
15688
5758
11273
19465
16330
3723
15281
13543
11122
19314
18328
3572
4928
2523
11382
13762
2141
9347
10975
362
12331
11601
4781
12973
6393
5423
3669
1248
10812
7677
5000
841
6628
15487
4618
7295
12810
2213
14438
13452
8626
9293
9935
7514
13301
16348
4727
2050
11933
12919
7107
287
8479
10154
9105
9772
17297
13780
2159
3834
12731
19169
380
10007
3427
7204
15396
624
6155
3687
4376
14259
8409
1908
16601
7439
15631
17243
4636
3906
17885
14440
7683
13470
452
9311
19883
70
6483
3759
17722
13563
10902
18364
12170
10353
18545
11788
19980
12749
13400
10995
18201
15796
4175
5850
14042
12993
12279
14365
11230
15007
2640
235
14840
12846
2233
3924
18617
2875
16854
1121
17505
15100
18147
16368
9548
15335
13325
2712
16691
1998
14937
17984
1600
2305
10497
5608
2947
19998
19331
17577
12767
144
8336
16528
1835
14765
10606
4089
7866
13653
3040
14295
10850
19042
253
14602
8101
4656
12848
9713
7052
2893
11085
12441
1781
4891
10678
3137
17116
6519
13725
2088
3779
11971
7145
15337
5151
14955
6763
13969
3372
11564
9810
12206
2965
19349
9403
5244
8354
18237
7624
12387
19593
804
6591
14783
17830
7884
16781
4430
12622
14297
9882
15669
13248
5723
19702
6428
18653
1283
9475
6672
5958
1543
7314
18872
11989
1376
2748
343
14973
4104
969
16241
10063
13824
822
9014
13047
10370
18562
6211
14403
11012
8607
6123
11654
1708
18092
5074
13266
19704
8121
18671
17685
7739
5334
508
10135
12477
19939
10698
11365
3173
3815
15117
8537
345
18420
4122
5813
15759
9179
17371
9846
10551
605
14568
2985
11844
12549
14224
2603
16582
1873
19629
14803
18580
7904
11030
2838
4450
12642
19848
18110
13951
677
18673
3724
2289
10481
7757
11916
11123
13528
10137
1945
12495
3573
15542
4929
11383
7976
18526
9348
15135
5189
16747
14023
3410
19794
9848
4782
623
7829
15870
13193
7678
842
17226
7280
9676
16114
19224
16819
1102
15065
9294
14095
16437
5110
10625
695
16349
11934
17705
15300
5354
19077
10885
14188
3335
914
11385
19577
7994
13781
18528
3835
9366
17558
10978
381
1800
7587
9992
15779
11620
1023
7205
17009
10831
10101
5686
14839
8066
4637
3907
1502
5279
8645
71
7533
5112
2451
11310
8889
15725
12922
1339
15969
7777
4323
14206
9791
1599
10736
6321
5607
13401
2804
15415
3039
19423
14278
13229
14841
12847
17888
6267
14459
5281
471
6909
4232
5923
3518
13066
2469
3120
17099
14694
5516
3762
17741
15320
9549
8500
1999
18383
13952
11547
19739
9142
17985
10498
18690
11807
12752
11640
2415
12282
3041
11233
17431
4413
10851
16638
9865
18057
5055
5706
13898
9072
4657
10444
7053
15245
473
1140
6671
11712
1782
14696
10281
17759
12677
5136
8518
10193
5778
4985
6357
11158
11809
3617
13437
15817
12388
14079
14768
7243
13030
10609
17831
1447
13656
4431
2677
11511
8104
2270
10462
12137
18654
7722
13509
11088
8683
16875
14865
4268
12460
14151
8301
16493
4910
751
16149
10299
11990
1377
13346
12297
5796
18021
4747
10534
12209
588
14567
6375
13581
3635
17614
2586
8373
15835
17207
14786
9015
13032
1449
17833
16095
13674
2821
5482
19205
6854
9259
3463
3321
16314
12885
10464
12155
18656
19298
10120
6691
11748
8319
1546
16511
13104
10699
3174
753
16167
2125
5172
7552
3393
9180
1655
8798
606
3653
4358
8391
18258
12408
3246
9017
14804
19630
3872
12064
2839
1085
15048
17469
3465
5093
12903
2290
11917
9496
4711
10482
17688
11124
1946
3574
15543
13122
2525
19560
6302
9349
6928
15120
1799
15762
12333
3411
17390
3671
7037
12552
19006
201
10084
7679
15871
11440
7281
3890
9677
5262
1729
18113
8872
18436
10244
11935
7109
2694
10886
18348
16657
3576
7995
12733
15780
4785
12263
626
3022
1268
14991
17652
13212
5687
14824
13456
19243
454
6892
15084
5906
11693
9939
10644
14677
8160
16352
17724
16675
291
9125
4966
10737
3980
551
13158
14514
8013
4559
12751
8320
18203
15798
16512
8962
17154
12995
18782
6175
16042
5445
3024
1030
6087
10834
14279
19026
5689
19668
13881
6650
3926
5282
13474
456
1123
19903
1765
15728
18149
716
6503
8908
5517
16370
3763
2714
19098
14939
19740
17335
9794
13160
18691
16937
553
13802
19984
6982
18221
19833
17172
6575
7226
13013
11234
6819
7461
13232
15653
19686
16295
5300
11087
474
14848
3521
1783
19523
8926
14697
13727
1360
17744
5137
6765
4344
9145
9812
15599
1620
7407
12192
8033
16225
11159
11810
19351
12771
18953
14064
14769
6195
14387
15029
6107
10870
14299
1
8193
7479
5725
16385
8835
4676
2271
3946
1285
5318
10119
4269
12461
19923
5944
3539
11731
1785
4911
7958
10300
1378
2020
9163
12940
4748
12210
4018
6360
16243
1231
4597
1857
13826
808
3871
401
16785
5076
3322
19706
8853
4694
7741
5320
6692
14154
19941
8304
3175
14477
10318
11993
17780
6927
5173
15745
4124
12316
15363
4766
18729
2345
8799
5392
9425
7020
184
18259
11439
15456
10390
16098
5501
19208
11658
8229
1712
9904
16421
3084
17063
679
4696
1305
13530
11125
16640
9090
15528
4931
2526
11369
16900
7978
6929
4524
5191
10962
8557
19796
9199
18042
7189
11604
10555
4768
8801
16023
3005
19389
14244
1893
5003
13195
13862
844
6631
4621
19226
437
8629
9280
4470
14081
3484
16821
1730
17472
10627
17065
14660
2053
10245
11920
7110
15953
5356
274
8466
5998
19961
916
9775
4949
10720
13141
2528
6305
18912
5591
1160
12734
13385
16767
7589
15781
19814
17393
2381
18765
8819
10573
627
14350
16025
3674
1269
6784
4379
7426
3267
862
14825
8068
16260
4639
2218
3909
9680
10410
57
16441
1748
18132
19488
4732
2071
11938
7779
13566
2697
15971
6730
6000
17318
4967
13785
19983
9370
6965
10998
4162
14045
19816
1413
19409
4397
12589
10835
19027
10105
19669
14843
4641
9698
6269
14461
15880
17890
8649
5925
9958
4876
2471
3122
717
17101
2073
10265
9551
5120
10177
13954
3357
936
9795
7390
4969
18692
16208
19334
3601
1196
11000
8339
16531
15801
4180
2401
4092
5448
19427
15012
6090
15654
13900
19687
14605
8088
12851
17908
15247
5301
11072
14135
93
7299
4894
19524
735
7941
13712
10283
4487
19117
2003
6766
4345
12537
9146
1621
12193
11811
6985
4580
1840
11404
7245
10611
9625
19445
15030
12609
6108
2679
13251
13918
19689
17028
6431
12869
3947
7724
13511
15916
5319
6675
4270
12462
11732
7959
13730
10301
11976
1379
15358
17763
16714
4107
9164
12211
590
6361
8052
13583
1216
12790
7645
18565
17835
16081
1069
9261
4435
14318
5077
8854
6433
12887
3965
5321
19300
16895
14155
2509
10701
755
8947
14478
5556
13748
11994
15746
4125
11587
9182
17374
12959
2346
18730
14571
7814
13585
11847
17618
7021
6035
2606
14227
15855
7663
7265
13052
18583
2199
9661
14408
10391
5502
11017
420
13694
19209
6128
19851
13287
8856
4697
15285
5339
1948
14903
6711
5981
3560
9758
15529
13124
3178
7979
16171
2129
18513
1159
2771
10963
2041
16750
7572
18748
16994
7816
13603
3657
1252
15231
14245
18992
10800
1894
13196
9037
17229
4622
2201
19227
438
19869
40
1731
18115
16424
10628
11295
7518
19487
17066
11921
17708
19320
8467
18350
12500
5999
11770
917
1568
4950
13142
3838
17545
15140
9353
19173
7590
12337
14028
9202
14733
2382
11200
19392
1270
14977
10818
16605
1896
863
12816
10411
14444
15879
14100
11695
7520
5115
3105
8892
6487
17084
14679
10248
9534
7113
17726
2698
293
6731
12518
6001
17319
4952
18931
537
6324
16207
3584
15158
13404
12355
5854
19817
8964
14046
14353
7852
3026
3693
17656
6073
10836
239
1914
9057
12834
17891
7689
19263
9317
11697
7538
10648
18840
718
18458
17728
5121
937
12176
8017
5612
9389
1197
4563
6968
11001
16532
19193
15802
17581
3451
17174
7228
14371
7870
1034
17418
4400
12592
8433
11480
14606
16281
18639
17909
15232
7707
5302
19265
8668
1143
6658
94
1769
18153
4895
13087
19525
8912
17104
16134
2092
3783
1362
9554
15992
10926
16697
14959
19744
9147
7393
4988
15585
16227
2953
4581
18955
1841
15820
12391
14066
3213
7246
15438
7872
3062
19446
14301
10856
4678
12870
1287
2899
14868
18171
4897
10684
3159
8930
2492
2110
9572
5799
19762
17357
1624
15603
18008
18713
10521
14554
8053
17601
7004
12791
10051
1859
7646
5636
19615
6597
7248
1452
9644
3064
9262
4436
13921
5729
3324
19708
6434
8688
12465
4273
15512
10702
3161
17140
16154
5557
13749
11995
17782
8541
13993
18026
2347
8785
5394
19373
1877
18261
7648
11425
828
6217
5503
11018
1072
14321
39
7501
5747
10485
11904
9499
11127
258
16642
18333
12483
18896
11371
8710
16902
17784
4526
10964
14011
11606
12232
16995
6398
11199
7024
12555
6054
2609
7666
12815
4623
3893
16823
1090
17474
14083
19870
41
15711
10629
3088
8145
10247
11922
1325
7096
15955
16660
14906
12501
3579
1569
9761
6307
10340
12031
1162
12720
5195
2790
369
14029
3416
1011
14734
19800
2383
17013
3009
16606
10089
15620
18281
3269
14827
7928
13459
1108
11680
8251
9942
15713
8893
17085
4734
9535
5360
18353
4327
3341
9779
10740
538
13787
18550
19969
2792
8323
18206
3434
17157
6544
12998
12268
1415
13624
1273
14996
10107
3287
9058
6653
19671
8072
2238
4643
19248
5927
8269
13070
18841
8911
11958
7132
12521
5764
13956
938
1605
17322
2310
12177
18694
8748
8018
5613
11002
8341
791
15421
7229
4808
12286
9609
7871
19429
3696
11888
6822
4401
17419
11237
242
1677
5043
3289
9076
17268
1526
16861
8287
18154
11334
5522
15342
13332
2005
6752
18389
1623
9815
574
14537
16958
5631
13823
19338
15179
18956
167
18226
15821
3214
17177
7247
18805
3840
14390
19049
4
18079
15658
13904
646
8838
16300
3949
16879
17530
19926
3542
8289
15511
4898
18877
3144
13732
18495
13350
10929
12301
11571
18009
2330
12213
8768
2972
19356
12776
14211
10782
169
1860
7647
15839
18244
11408
18974
7249
2183
10375
6200
16083
4437
14304
19067
15676
5730
17032
14627
4681
15269
15920
5323
19302
2918
4274
12466
19928
3544
17934
7321
13750
5558
9591
17783
15106
13352
16734
10217
15748
4127
5802
3397
9168
17360
7174
12945
10540
12231
19781
6381
2990
17620
15215
10784
11426
3234
6130
15694
5081
4699
12891
1308
13533
1950
2513
19564
519
18897
7981
13752
2131
10323
17785
15124
10965
2043
7574
18427
3415
18045
4771
2366
4041
612
6399
13605
11851
9446
15217
17638
18994
15859
7667
19636
847
15477
7285
10395
18587
16119
13442
4457
12649
10630
684
14663
4717
2296
18680
7097
7764
15289
11130
8469
2938
1952
10144
1570
4936
16905
521
3824
9355
12016
12721
19175
16754
12339
11609
9204
6543
15386
7194
2368
12251
16028
5431
19394
13623
17640
6787
6057
14249
10090
18282
13200
3270
9041
16263
9683
6254
11055
8634
19247
5910
1751
13309
11299
6473
10892
10162
14195
11534
921
17972
1588
2549
16193
19970
9373
3586
4547
5214
16516
1823
12357
6545
7212
14737
8824
17016
11220
2646
19030
18300
16609
1916
19656
17251
11464
8073
12836
3914
460
9319
1127
11699
16462
7540
2458
11317
10650
16374
13697
5505
1346
7133
15976
13315
1988
12522
11536
17990
9798
8749
14520
8019
16211
5614
13408
19195
18788
12287
2404
17802
11889
15015
6093
10840
8435
1678
9870
13236
15641
5711
16627
19674
4662
10433
15901
5288
1129
4255
14122
1771
7302
4881
18860
3143
19527
8184
16376
13715
15343
8507
957
9800
9149
12196
575
6346
16959
5616
18957
152
16536
7630
12377
14068
3215
18806
7874
2666
5
13905
17031
6418
7060
7727
19285
480
4257
3543
8290
1789
7304
15496
740
10288
3787
2738
333
19122
12302
5785
11572
18010
16961
8055
6020
2591
1861
10053
19601
6599
7250
14393
5487
9248
6113
2684
649
6436
8841
16319
17033
10469
1291
12144
13516
19303
1933
18317
11737
19929
9743
4917
758
17142
18498
7557
13995
7175
12946
10541
15367
18733
3642
7008
15200
1879
5640
19619
9022
14793
10378
3877
1456
12069
16102
6219
7910
423
16807
14323
16409
7503
13274
11264
7747
8452
18335
10143
6698
14160
12485
17286
9745
7340
17937
10706
13753
5561
2132
1402
18516
13371
2774
2044
10236
18428
11592
9187
17379
15369
7177
11185
3660
14232
16590
10073
3253
7286
3895
17858
9666
7912
13443
8617
15071
4458
14085
11664
43
9926
7505
2439
685
17069
3732
7098
15290
19323
6716
14908
4311
5986
3581
17955
4937
10724
16906
2150
10342
12017
15143
12722
16755
18190
12340
1013
17397
4060
12252
5416
19395
3678
208
5009
10414
5269
6881
4476
11682
3108
703
17087
1971
15552
13147
3969
13789
10344
11779
10000
18192
5841
6546
7213
10579
12270
11872
17659
12577
18301
15624
19657
8074
4645
12837
15884
5287
11058
461
17496
1112
12430
6899
8653
8271
11700
1754
2459
8183
7785
5124
10911
13958
5766
7378
12179
14521
2170
15163
19196
151
10018
15805
5859
11646
4810
4080
17803
9611
7857
3047
11239
17421
6094
1679
5045
10434
17896
7043
15902
19268
9322
19512
17107
15328
5142
19105
18391
6754
19747
11555
12197
16944
18958
8345
7631
795
8987
4828
2423
10615
18807
3049
12613
14288
16390
12143
2902
11094
19286
8673
12450
1790
18174
9982
18481
1383
2739
334
19123
14964
4111
18011
4737
12929
18716
16232
19358
3625
12778
10768
18960
18246
4204
12396
813
14776
15443
2425
16085
11259
406
17441
12631
2685
19069
9891
18083
5065
11519
8842
17034
12875
10470
1292
13517
11096
5325
12468
19930
16501
19548
8951
6274
5544
13354
2757
10949
4113
13996
8058
11835
17622
15201
2594
13833
831
14794
17215
17841
16103
5490
19213
7911
1075
6862
12633
6132
4441
14324
9909
8218
13275
13942
11265
4701
17694
15940
10128
14891
4294
17287
9746
7341
15533
10707
761
6292
7983
14484
2133
3808
10325
10967
354
8546
15752
2775
19159
11593
19785
18736
10544
16998
6385
14577
4366
1882
4992
5659
13851
9025
15479
12802
10397
7287
1475
7913
13444
2847
17477
15056
16428
7506
3091
6457
16340
18682
13537
14909
5987
3582
9097
13130
8715
10343
9357
12723
10969
19161
7578
5824
12983
10562
8808
1258
6789
6059
19014
7431
3256
9043
14432
16123
444
16828
12669
19875
62
8254
5119
2442
14667
12913
4721
3751
14927
7361
2551
6312
11780
15146
134
10001
11629
17400
6547
4079
14357
7840
5435
4386
14269
16611
10110
14832
4646
10417
3916
5272
11059
462
9305
6900
4239
12431
19893
16448
4865
10652
19511
18844
8168
16360
15978
16943
8021
18555
12759
136
7614
4169
14052
778
14757
7216
2406
9612
6183
14375
11891
17422
4404
8437
9079
12840
2243
3934
9705
10435
7711
5290
1131
14124
3527
82
9965
16466
7544
18862
6511
16701
18376
6755
5769
9802
15589
4976
8753
5618
13810
17587
6990
12761
13428
2575
154
10037
1845
7616
796
14775
18792
6185
16068
5471
15019
4422
14289
8199
3310
19694
10453
15254
17533
1791
15498
742
8934
13735
2098
19124
335
2010
4096
9153
16963
16233
3626
15184
12779
172
16556
14072
3219
11411
6585
4847
10618
12053
3068
9250
6845
6115
16393
9892
15679
18084
17035
16305
12876
4684
18663
15256
5326
11097
8692
4277
12469
9729
4919
13111
5545
10308
18500
5163
10950
16721
7559
4114
13997
19768
18030
16981
16251
11169
15202
12797
10787
18572
13683
11022
409
1076
6863
12634
9268
6133
27
8219
15681
7489
9910
3074
6440
12894
15941
2923
18321
14892
3565
120
16504
18900
3183
14485
13755
10326
1404
9596
12706
18430
7561
5823
19786
12966
4044
12236
14578
615
13592
19379
10075
15862
18267
13852
17218
14813
9026
7272
18590
12073
17860
19216
8619
16811
15057
12652
19858
16429
9912
11284
12896
18683
9505
7767
5346
264
18339
14910
11775
10726
19569
9358
13391
7579
15771
12342
12968
4062
16031
3013
3664
2631
19641
3257
7290
5271
16829
6883
12670
10635
689
17073
8474
6720
10728
18920
16926
8734
10346
18538
9360
18194
15789
1810
3438
6548
12986
12256
6166
7841
19415
3682
14984
12579
6078
2633
228
16612
7434
5680
8076
16268
10418
463
9306
16847
1756
15735
9948
2461
14686
5508
2079
11946
2705
16684
6008
942
1593
$
