#3
S
#3
sid,name,age
#400
0,a355,70
1,a392,87
2,a11,68
3,a112,22
4,a355,56
5,a269,85
6,a0,25
7,a301,26
8,a214,65
9,a14,72
10,a32,45
11,a333,39
12,a217,23
13,a224,26
14,a98,76
15,a47,37
16,a158,23
17,a224,41
18,a95,55
19,a363,21
20,a105,77
21,a130,87
22,a9,53
23,a202,57
24,a238,50
25,a223,80
26,a119,26
27,a394,55
28,a42,49
29,a136,59
30,a186,87
31,a348,43
32,a114,66
33,a93,21
34,a25,50
35,a201,68
36,a198,49
37,a125,27
38,a264,55
39,a71,78
40,a152,32
41,a31,89
42,a152,83
43,a101,89
44,a140,34
45,a76,80
46,a225,89
47,a305,66
48,a355,77
49,a378,78
50,a297,34
51,a303,28
52,a146,60
53,a236,80
54,a31,69
55,a13,70
56,a337,66
57,a231,29
58,a83,69
59,a11,71
60,a265,48
61,a274,79
62,a145,67
63,a341,63
64,a224,83
65,a192,35
66,a132,85
67,a119,27
68,a91,52
69,a356,73
70,a133,58
71,a188,68
72,a373,54
73,a229,88
74,a188,61
75,a86,22
76,a12,72
77,a176,25
78,a258,56
79,a226,89
80,a396,58
81,a56,86
82,a65,24
83,a369,79
84,a164,38
85,a79,74
86,a21,26
87,a236,53
88,a11,56
89,a198,64
90,a26,20
91,a280,86
92,a142,66
93,a114,43
94,a284,56
95,a145,53
96,a259,84
97,a358,80
98,a376,45
99,a346,47
100,a327,53
101,a356,42
102,a147,88
103,a359,48
104,a118,44
105,a342,61
106,a225,63
107,a164,21
108,a282,62
109,a258,32
110,a102,62
111,a29,48
112,a259,66
113,a369,22
114,a154,51
115,a380,20
116,a101,59
117,a349,48
118,a48,53
119,a167,21
120,a238,70
121,a103,22
122,a339,50
123,a147,89
124,a190,36
125,a205,37
126,a344,25
127,a98,64
128,a277,59
129,a246,24
130,a374,53
131,a125,52
132,a398,23
133,a154,80
134,a382,68
135,a127,50
136,a386,53
137,a333,24
138,a209,50
139,a151,52
140,a226,52
141,a90,54
142,a160,51
143,a12,79
144,a308,55
145,a27,53
146,a212,84
147,a322,63
148,a212,28
149,a124,64
150,a182,67
151,a151,80
152,a56,65
153,a6,72
154,a205,54
155,a26,33
156,a194,88
157,a347,81
158,a203,26
159,a87,55
160,a258,33
161,a143,32
162,a117,76
163,a388,69
164,a77,61
165,a56,58
166,a365,57
167,a53,84
168,a261,58
169,a213,77
170,a109,80
171,a203,84
172,a17,85
173,a382,41
174,a161,67
175,a191,79
176,a219,72
177,a23,35
178,a366,74
179,a304,69
180,a92,72
181,a75,37
182,a300,40
183,a225,55
184,a131,24
185,a358,87
186,a52,84
187,a279,46
188,a259,50
189,a331,80
190,a223,45
191,a16,77
192,a389,74
193,a4,51
194,a197,48
195,a212,67
196,a348,90
197,a104,55
198,a17,30
199,a15,23
200,a69,40
201,a313,24
202,a277,21
203,a56,30
204,a206,41
205,a17,29
206,a261,52
207,a133,57
208,a339,37
209,a289,54
210,a317,62
211,a176,55
212,a46,59
213,a51,58
214,a128,58
215,a204,76
216,a125,33
217,a159,68
218,a78,63
219,a53,39
220,a182,44
221,a67,78
222,a190,88
223,a272,39
224,a382,25
225,a143,37
226,a139,22
227,a89,22
228,a1,61
229,a360,26
230,a213,85
231,a275,84
232,a10,58
233,a310,28
234,a135,33
235,a396,75
236,a232,37
237,a328,83
238,a381,64
239,a358,60
240,a182,73
241,a296,38
242,a124,49
243,a285,52
244,a67,71
245,a183,40
246,a280,28
247,a396,83
248,a89,87
249,a307,83
250,a78,85
251,a300,84
252,a44,63
253,a46,35
254,a282,69
255,a264,68
256,a226,59
257,a22,81
258,a52,60
259,a366,86
260,a83,80
261,a290,89
262,a348,72
263,a27,83
264,a68,60
265,a371,20
266,a127,55
267,a180,73
268,a105,76
269,a234,63
270,a306,74
271,a85,71
272,a56,54
273,a225,34
274,a89,48
275,a370,74
276,a340,41
277,a285,38
278,a215,87
279,a183,46
280,a108,64
281,a356,77
282,a144,85
283,a16,71
284,a111,54
285,a299,83
286,a228,60
287,a335,88
288,a284,66
289,a1,70
290,a225,48
291,a387,41
292,a370,87
293,a82,30
294,a92,70
295,a239,82
296,a256,88
297,a113,50
298,a238,44
299,a196,21
300,a55,51
301,a215,68
302,a240,49
303,a135,56
304,a197,77
305,a25,43
306,a230,53
307,a214,62
308,a291,22
309,a376,84
310,a391,72
311,a105,88
312,a137,39
313,a8,37
314,a399,30
315,a77,21
316,a214,42
317,a384,85
318,a78,49
319,a234,32
320,a319,75
321,a107,75
322,a104,29
323,a334,78
324,a247,27
325,a263,78
326,a85,60
327,a48,67
328,a137,87
329,a207,47
330,a193,82
331,a249,45
332,a316,55
333,a340,22
334,a355,54
335,a258,71
336,a186,39
337,a101,20
338,a121,83
339,a184,69
340,a162,34
341,a333,40
342,a89,49
343,a171,33
344,a0,44
345,a50,84
346,a368,27
347,a337,76
348,a228,39
349,a366,38
350,a232,70
351,a225,52
352,a244,90
353,a345,45
354,a80,73
355,a145,37
356,a374,29
357,a182,79
358,a345,62
359,a36,29
360,a84,29
361,a307,76
362,a265,36
363,a362,43
364,a137,89
365,a108,37
366,a278,64
367,a96,61
368,a132,69
369,a285,54
370,a172,66
371,a238,89
372,a36,42
373,a260,41
374,a295,67
375,a183,37
376,a331,24
377,a343,57
378,a287,62
379,a70,40
380,a278,59
381,a102,82
382,a265,49
383,a197,90
384,a293,88
385,a321,38
386,a330,37
387,a175,90
388,a131,27
389,a159,43
390,a175,36
391,a358,48
392,a41,28
393,a226,84
394,a165,42
395,a86,46
396,a330,52
397,a76,45
398,a239,59
399,a366,61
$
B
#2
bid,color
#40
1000,black
1001,white
1002,blue
1003,blue
1004,blue
1005,black
1006,blue
1007,white
1008,white
1009,green
1010,green
1011,blue
1012,green
1013,white
1014,black
1015,white
1016,black
1017,black
1018,blue
1019,blue
1020,blue
1021,black
1022,red
1023,black
1024,black
1025,white
1026,blue
1027,red
1028,red
1029,red
1030,black
1031,black
1032,red
1033,blue
1034,black
1035,green
1036,black
1037,red
1038,white
1039,green
$
R
#3
rid,sid,bid
#2000
0,382,1037
1,119,1024
2,253,1036
3,34,1039
4,358,1038
5,311,1003
6,158,1025
7,64,1034
8,244,1021
9,367,1022
10,53,1035
11,163,1000
12,6,1015
13,267,1007
14,18,1000
15,360,1018
16,210,1002
17,211,1013
18,242,1034
19,182,1020
20,245,1013
21,258,1019
22,268,1004
23,216,1023
24,96,1017
25,347,1016
26,392,1029
27,222,1027
28,205,1002
29,117,1033
30,264,1008
31,214,1036
32,24,1038
33,334,1023
34,213,1022
35,176,1031
36,150,1018
37,297,1019
38,272,1009
39,338,1019
40,314,1012
41,226,1030
42,93,1000
43,289,1019
44,146,1035
45,341,1027
46,148,1001
47,38,1031
48,241,1034
49,222,1028
50,97,1017
51,127,1015
52,243,1004
53,301,1011
54,388,1032
55,359,1016
56,149,1021
57,263,1031
58,88,1004
59,144,1016
60,295,1029
61,324,1012
62,275,1030
63,392,1038
64,57,1021
65,161,1029
66,234,1025
67,93,1019
68,141,1003
69,296,1006
70,348,1004
71,390,1022
72,71,1031
73,41,1039
74,196,1039
75,383,1034
76,387,1012
77,214,1024
78,0,1027
79,8,1023
80,170,1037
81,172,1024
82,359,1023
83,202,1024
84,143,1031
85,281,1029
86,45,1017
87,297,1019
88,80,1033
89,117,1017
90,377,1039
91,370,1033
92,201,1031
93,244,1036
94,111,1024
95,193,1010
96,79,1005
97,329,1015
98,128,1013
99,85,1031
100,269,1030
101,241,1003
102,191,1037
103,169,1031
104,298,1035
105,270,1034
106,225,1002
107,147,1037
108,137,1001
109,192,1038
110,103,1027
111,45,1001
112,193,1032
113,253,1018
114,311,1009
115,273,1010
116,159,1037
117,90,1001
118,209,1038
119,201,1019
120,390,1023
121,299,1007
122,97,1003
123,95,1014
124,336,1006
125,252,1000
126,283,1016
127,219,1020
128,349,1006
129,95,1025
130,273,1005
131,119,1039
132,58,1011
133,379,1031
134,164,1004
135,193,1027
136,177,1035
137,53,1039
138,120,1022
139,189,1014
140,167,1039
141,53,1008
142,203,1022
143,181,1023
144,218,1016
145,317,1027
146,362,1039
147,227,1033
148,381,1011
149,371,1011
150,147,1003
151,149,1033
152,106,1011
153,4,1017
154,130,1038
155,332,1038
156,39,1011
157,281,1010
158,58,1019
159,357,1028
160,265,1021
161,46,1039
162,23,1009
163,138,1037
164,217,1013
165,139,1018
166,301,1002
167,149,1000
168,218,1011
169,316,1008
170,21,1037
171,34,1025
172,53,1006
173,328,1022
174,304,1023
175,279,1008
176,112,1024
177,307,1002
178,118,1019
179,185,1002
180,29,1018
181,215,1015
182,334,1002
183,311,1017
184,139,1000
185,369,1021
186,354,1000
187,19,1033
188,27,1012
189,362,1019
190,301,1003
191,190,1039
192,139,1020
193,162,1001
194,121,1011
195,55,1018
196,307,1029
197,393,1035
198,52,1000
199,151,1004
200,351,1025
201,50,1024
202,282,1014
203,248,1030
204,352,1014
205,389,1039
206,296,1015
207,309,1028
208,219,1007
209,261,1031
210,24,1009
211,326,1010
212,126,1010
213,155,1022
214,375,1024
215,123,1022
216,200,1000
217,328,1018
218,162,1018
219,97,1031
220,273,1019
221,275,1019
222,177,1002
223,236,1034
224,61,1014
225,206,1036
226,104,1007
227,99,1037
228,97,1011
229,311,1038
230,336,1019
231,114,1017
232,184,1026
233,371,1002
234,110,1038
235,328,1023
236,378,1008
237,322,1035
238,155,1035
239,349,1013
240,50,1009
241,151,1011
242,105,1009
243,337,1026
244,290,1015
245,82,1022
246,218,1011
247,372,1023
248,328,1000
249,352,1030
250,66,1039
251,349,1008
252,153,1031
253,373,1002
254,28,1023
255,129,1006
256,248,1017
257,279,1015
258,357,1022
259,308,1002
260,111,1026
261,12,1007
262,99,1018
263,178,1018
264,191,1025
265,130,1009
266,51,1031
267,33,1002
268,327,1006
269,355,1034
270,167,1004
271,90,1003
272,75,1007
273,149,1029
274,365,1025
275,364,1029
276,21,1021
277,333,1015
278,329,1014
279,66,1038
280,151,1016
281,237,1005
282,110,1007
283,260,1013
284,145,1033
285,281,1029
286,25,1023
287,286,1008
288,253,1006
289,269,1033
290,368,1021
291,373,1004
292,82,1011
293,299,1034
294,236,1018
295,177,1029
296,314,1007
297,180,1028
298,131,1028
299,396,1032
300,366,1023
301,201,1030
302,158,1011
303,114,1022
304,160,1014
305,323,1023
306,93,1023
307,21,1029
308,338,1020
309,314,1038
310,194,1003
311,169,1034
312,349,1026
313,75,1036
314,183,1014
315,110,1033
316,23,1007
317,372,1029
318,381,1025
319,125,1036
320,399,1025
321,284,1011
322,145,1008
323,371,1002
324,259,1011
325,6,1024
326,202,1026
327,121,1011
328,369,1035
329,302,1033
330,357,1030
331,344,1022
332,175,1023
333,276,1021
334,367,1013
335,219,1037
336,62,1020
337,36,1017
338,373,1035
339,120,1027
340,334,1016
341,266,1033
342,2,1002
343,20,1036
344,346,1000
345,120,1019
346,347,1025
347,153,1008
348,129,1011
349,270,1039
350,61,1030
351,140,1017
352,300,1026
353,389,1029
354,173,1037
355,360,1008
356,355,1012
357,54,1034
358,256,1015
359,34,1009
360,103,1030
361,105,1023
362,286,1027
363,311,1009
364,23,1032
365,59,1011
366,77,1025
367,227,1030
368,161,1001
369,162,1002
370,310,1022
371,127,1015
372,317,1030
373,281,1015
374,256,1030
375,158,1032
376,31,1026
377,167,1037
378,88,1013
379,314,1025
380,181,1002
381,150,1025
382,7,1017
383,382,1037
384,113,1014
385,96,1025
386,278,1011
387,67,1003
388,132,1009
389,79,1010
390,209,1008
391,49,1037
392,310,1027
393,380,1022
394,15,1035
395,89,1027
396,395,1024
397,134,1003
398,104,1036
399,225,1001
400,367,1006
401,207,1038
402,285,1027
403,161,1000
404,9,1024
405,9,1013
406,101,1019
407,373,1011
408,300,1017
409,184,1015
410,397,1013
411,325,1029
412,45,1019
413,186,1000
414,328,1004
415,83,1007
416,307,1023
417,308,1014
418,169,1002
419,56,1007
420,365,1024
421,167,1039
422,170,1037
423,334,1018
424,192,1010
425,77,1019
426,389,1016
427,337,1016
428,248,1036
429,187,1020
430,76,1001
431,105,1027
432,387,1038
433,182,1002
434,239,1038
435,24,1017
436,339,1033
437,166,1003
438,101,1007
439,119,1001
440,333,1039
441,169,1024
442,267,1024
443,30,1017
444,43,1039
445,247,1011
446,223,1009
447,352,1027
448,237,1005
449,44,1000
450,261,1011
451,302,1019
452,365,1038
453,70,1012
454,327,1012
455,336,1002
456,204,1021
457,162,1010
458,31,1015
459,170,1037
460,125,1038
461,73,1027
462,87,1028
463,169,1027
464,27,1030
465,92,1018
466,14,1029
467,367,1016
468,339,1020
469,241,1013
470,240,1019
471,100,1005
472,365,1025
473,366,1000
474,386,1034
475,146,1009
476,289,1009
477,147,1039
478,309,1031
479,124,1039
480,316,1033
481,103,1008
482,386,1028
483,253,1007
484,239,1016
485,260,1003
486,30,1035
487,24,1031
488,264,1027
489,232,1017
490,221,1021
491,93,1030
492,46,1037
493,131,1017
494,33,1010
495,347,1003
496,189,1006
497,86,1024
498,59,1004
499,382,1021
500,95,1012
501,154,1025
502,134,1008
503,78,1002
504,115,1023
505,36,1014
506,120,1016
507,49,1015
508,373,1013
509,251,1027
510,258,1023
511,276,1035
512,245,1035
513,202,1012
514,332,1026
515,97,1022
516,232,1006
517,249,1016
518,228,1005
519,57,1035
520,250,1011
521,255,1036
522,57,1011
523,31,1012
524,220,1034
525,100,1036
526,213,1030
527,322,1025
528,234,1024
529,285,1021
530,389,1026
531,367,1015
532,330,1037
533,175,1032
534,187,1030
535,301,1026
536,66,1020
537,182,1022
538,316,1017
539,144,1027
540,184,1007
541,143,1029
542,211,1016
543,280,1022
544,240,1026
545,252,1019
546,17,1039
547,245,1005
548,370,1035
549,171,1034
550,1,1027
551,32,1016
552,387,1037
553,334,1019
554,220,1038
555,383,1009
556,56,1000
557,58,1021
558,256,1003
559,319,1024
560,381,1003
561,131,1038
562,322,1035
563,329,1032
564,38,1009
565,166,1033
566,259,1006
567,94,1033
568,337,1031
569,204,1039
570,211,1035
571,385,1008
572,252,1019
573,356,1020
574,217,1034
575,125,1022
576,96,1037
577,74,1035
578,255,1039
579,176,1032
580,24,1015
581,332,1016
582,142,1026
583,88,1007
584,190,1032
585,294,1018
586,341,1016
587,159,1035
588,349,1036
589,282,1001
590,345,1011
591,281,1003
592,10,1008
593,1,1038
594,320,1016
595,85,1032
596,277,1037
597,45,1010
598,345,1009
599,68,1029
600,18,1019
601,162,1035
602,155,1035
603,314,1025
604,192,1001
605,338,1023
606,115,1004
607,199,1033
608,375,1021
609,127,1027
610,367,1031
611,166,1032
612,9,1022
613,190,1031
614,273,1005
615,25,1016
616,342,1003
617,67,1001
618,289,1000
619,14,1031
620,191,1035
621,11,1039
622,13,1007
623,203,1003
624,39,1021
625,365,1000
626,313,1033
627,245,1019
628,130,1030
629,247,1024
630,281,1032
631,265,1015
632,225,1001
633,98,1016
634,146,1001
635,248,1005
636,169,1022
637,26,1019
638,333,1023
639,242,1019
640,257,1006
641,361,1028
642,280,1026
643,257,1021
644,120,1014
645,108,1024
646,319,1002
647,365,1015
648,382,1022
649,264,1015
650,76,1020
651,345,1013
652,54,1027
653,272,1018
654,116,1009
655,72,1009
656,174,1022
657,149,1037
658,235,1033
659,99,1009
660,223,1025
661,328,1036
662,294,1034
663,352,1031
664,330,1004
665,13,1000
666,125,1007
667,2,1027
668,250,1015
669,197,1027
670,35,1033
671,80,1018
672,275,1014
673,266,1034
674,173,1029
675,381,1038
676,50,1023
677,132,1018
678,121,1026
679,329,1027
680,346,1007
681,264,1026
682,39,1017
683,41,1025
684,392,1000
685,213,1036
686,140,1027
687,301,1016
688,278,1026
689,382,1008
690,216,1031
691,45,1028
692,148,1009
693,244,1015
694,307,1019
695,399,1017
696,225,1036
697,282,1005
698,386,1015
699,184,1007
700,175,1024
701,209,1007
702,137,1017
703,81,1036
704,338,1024
705,366,1039
706,22,1019
707,121,1034
708,335,1008
709,185,1023
710,317,1005
711,6,1034
712,28,1006
713,84,1002
714,139,1033
715,220,1031
716,59,1002
717,243,1006
718,121,1002
719,46,1025
720,94,1000
721,12,1001
722,201,1025
723,200,1030
724,43,1030
725,126,1018
726,366,1034
727,35,1001
728,118,1014
729,118,1039
730,310,1036
731,63,1020
732,338,1024
733,207,1029
734,182,1027
735,84,1036
736,260,1028
737,89,1012
738,150,1006
739,261,1025
740,96,1032
741,84,1016
742,289,1027
743,272,1025
744,369,1030
745,69,1010
746,373,1005
747,61,1025
748,0,1023
749,317,1033
750,52,1030
751,45,1018
752,384,1016
753,27,1003
754,333,1037
755,171,1005
756,133,1036
757,376,1001
758,213,1011
759,269,1003
760,322,1027
761,31,1010
762,35,1014
763,89,1010
764,191,1037
765,21,1025
766,23,1011
767,240,1035
768,391,1037
769,174,1005
770,43,1004
771,85,1005
772,244,1021
773,193,1026
774,384,1007
775,133,1038
776,339,1037
777,275,1030
778,212,1032
779,205,1016
780,75,1009
781,155,1027
782,384,1003
783,91,1023
784,124,1014
785,138,1013
786,318,1023
787,256,1011
788,292,1033
789,289,1003
790,355,1002
791,255,1020
792,314,1022
793,350,1038
794,346,1027
795,255,1003
796,41,1005
797,248,1008
798,174,1001
799,348,1007
800,396,1036
801,130,1009
802,210,1020
803,267,1038
804,218,1005
805,257,1023
806,32,1014
807,98,1003
808,370,1037
809,5,1018
810,59,1018
811,214,1008
812,24,1024
813,333,1028
814,95,1035
815,280,1038
816,8,1006
817,142,1017
818,259,1034
819,215,1028
820,12,1016
821,99,1019
822,319,1012
823,2,1027
824,81,1000
825,325,1016
826,251,1026
827,28,1011
828,293,1024
829,252,1028
830,369,1035
831,125,1000
832,224,1017
833,63,1027
834,111,1016
835,131,1003
836,152,1004
837,246,1021
838,113,1007
839,159,1036
840,390,1002
841,152,1016
842,290,1039
843,53,1030
844,129,1037
845,89,1017
846,47,1000
847,395,1017
848,380,1021
849,393,1010
850,36,1003
851,18,1023
852,241,1036
853,200,1033
854,321,1015
855,65,1012
856,298,1006
857,386,1033
858,11,1018
859,123,1019
860,241,1001
861,389,1021
862,148,1013
863,310,1018
864,344,1001
865,382,1003
866,0,1037
867,190,1013
868,386,1025
869,94,1029
870,169,1028
871,221,1034
872,248,1039
873,394,1015
874,42,1012
875,328,1027
876,305,1036
877,317,1037
878,350,1003
879,213,1036
880,202,1010
881,7,1015
882,91,1000
883,31,1015
884,346,1012
885,161,1010
886,217,1024
887,250,1028
888,259,1010
889,260,1007
890,39,1004
891,49,1027
892,224,1037
893,210,1038
894,240,1026
895,303,1020
896,143,1022
897,297,1019
898,124,1027
899,205,1028
900,190,1006
901,373,1006
902,6,1034
903,391,1008
904,349,1018
905,135,1008
906,84,1007
907,148,1021
908,306,1023
909,248,1024
910,16,1001
911,242,1014
912,19,1034
913,177,1022
914,292,1013
915,12,1008
916,281,1029
917,311,1002
918,327,1016
919,94,1024
920,66,1003
921,69,1032
922,33,1006
923,136,1014
924,68,1018
925,160,1029
926,226,1001
927,5,1009
928,150,1039
929,34,1012
930,366,1032
931,154,1023
932,8,1025
933,42,1016
934,361,1035
935,22,1038
936,125,1006
937,306,1025
938,61,1039
939,54,1009
940,308,1020
941,218,1036
942,77,1018
943,387,1017
944,153,1013
945,188,1029
946,274,1014
947,112,1000
948,21,1008
949,88,1035
950,213,1036
951,220,1035
952,199,1035
953,219,1013
954,346,1036
955,361,1009
956,252,1032
957,118,1014
958,69,1026
959,241,1035
960,338,1016
961,370,1035
962,373,1031
963,346,1007
964,208,1009
965,381,1016
966,392,1036
967,283,1026
968,306,1034
969,4,1030
970,338,1005
971,26,1019
972,280,1009
973,330,1022
974,91,1005
975,249,1008
976,310,1029
977,310,1028
978,232,1020
979,382,1001
980,340,1007
981,28,1035
982,133,1003
983,368,1034
984,221,1039
985,115,1038
986,248,1022
987,362,1006
988,212,1003
989,75,1039
990,67,1015
991,349,1003
992,209,1026
993,88,1001
994,313,1030
995,275,1037
996,320,1026
997,14,1036
998,41,1013
999,188,1025
1000,243,1025
1001,236,1004
1002,325,1026
1003,184,1002
1004,327,1036
1005,44,1015
1006,208,1031
1007,144,1013
1008,17,1012
1009,11,1004
1010,62,1011
1011,4,1028
1012,61,1030
1013,395,1015
1014,38,1021
1015,344,1037
1016,118,1000
1017,272,1033
1018,212,1022
1019,203,1002
1020,142,1034
1021,254,1010
1022,99,1001
1023,223,1029
1024,33,1026
1025,105,1033
1026,384,1027
1027,54,1030
1028,323,1034
1029,207,1028
1030,332,1008
1031,159,1032
1032,146,1032
1033,395,1004
1034,299,1008
1035,44,1026
1036,193,1024
1037,2,1002
1038,241,1030
1039,48,1034
1040,226,1010
1041,366,1010
1042,311,1012
1043,19,1019
1044,320,1013
1045,358,1029
1046,123,1004
1047,177,1005
1048,23,1032
1049,63,1000
1050,48,1005
1051,117,1020
1052,132,1032
1053,368,1039
1054,72,1017
1055,265,1026
1056,78,1017
1057,287,1027
1058,334,1018
1059,294,1006
1060,377,1016
1061,357,1025
1062,327,1002
1063,51,1012
1064,353,1034
1065,123,1025
1066,126,1008
1067,216,1033
1068,261,1005
1069,263,1026
1070,108,1027
1071,176,1028
1072,227,1018
1073,342,1005
1074,371,1017
1075,321,1034
1076,225,1026
1077,299,1024
1078,141,1008
1079,101,1030
1080,133,1006
1081,6,1014
1082,151,1039
1083,87,1009
1084,96,1023
1085,331,1024
1086,122,1036
1087,145,1015
1088,286,1027
1089,201,1001
1090,397,1033
1091,8,1017
1092,393,1018
1093,338,1017
1094,345,1011
1095,219,1010
1096,280,1021
1097,165,1024
1098,260,1029
1099,133,1015
1100,182,1018
1101,316,1019
1102,376,1022
1103,137,1017
1104,332,1026
1105,164,1020
1106,30,1021
1107,199,1027
1108,290,1012
1109,225,1036
1110,65,1031
1111,72,1011
1112,159,1028
1113,303,1012
1114,197,1007
1115,98,1037
1116,188,1008
1117,55,1006
1118,87,1039
1119,239,1032
1120,184,1026
1121,255,1017
1122,292,1013
1123,300,1021
1124,161,1024
1125,294,1016
1126,125,1030
1127,267,1003
1128,162,1039
1129,339,1017
1130,351,1029
1131,169,1013
1132,287,1008
1133,252,1031
1134,277,1008
1135,396,1032
1136,304,1033
1137,387,1031
1138,301,1015
1139,294,1002
1140,369,1001
1141,123,1013
1142,280,1038
1143,388,1028
1144,46,1035
1145,124,1029
1146,74,1006
1147,111,1026
1148,266,1016
1149,359,1000
1150,88,1030
1151,104,1012
1152,214,1032
1153,263,1022
1154,33,1030
1155,186,1000
1156,321,1026
1157,396,1021
1158,64,1026
1159,320,1007
1160,312,1024
1161,195,1023
1162,75,1030
1163,371,1028
1164,320,1033
1165,189,1034
1166,115,1014
1167,77,1022
1168,75,1009
1169,74,1031
1170,83,1011
1171,107,1006
1172,320,1030
1173,85,1030
1174,231,1038
1175,247,1026
1176,26,1035
1177,103,1038
1178,88,1027
1179,27,1039
1180,112,1023
1181,15,1036
1182,246,1009
1183,165,1002
1184,162,1008
1185,73,1018
1186,358,1014
1187,247,1019
1188,309,1007
1189,231,1020
1190,376,1017
1191,264,1032
1192,44,1037
1193,95,1019
1194,230,1013
1195,21,1004
1196,288,1004
1197,204,1023
1198,53,1030
1199,373,1029
1200,266,1026
1201,355,1001
1202,366,1010
1203,322,1025
1204,381,1036
1205,14,1006
1206,162,1038
1207,297,1003
1208,260,1017
1209,325,1010
1210,241,1038
1211,133,1006
1212,251,1029
1213,82,1024
1214,287,1003
1215,265,1031
1216,3,1006
1217,118,1022
1218,355,1014
1219,175,1011
1220,293,1024
1221,226,1018
1222,121,1028
1223,123,1029
1224,301,1018
1225,263,1003
1226,347,1013
1227,169,1029
1228,207,1030
1229,37,1024
1230,155,1015
1231,178,1012
1232,315,1012
1233,262,1008
1234,310,1030
1235,281,1026
1236,159,1025
1237,165,1033
1238,91,1027
1239,359,1008
1240,129,1023
1241,106,1005
1242,165,1015
1243,245,1014
1244,200,1000
1245,346,1000
1246,383,1010
1247,303,1014
1248,279,1013
1249,106,1022
1250,340,1038
1251,14,1014
1252,357,1022
1253,343,1003
1254,294,1033
1255,326,1014
1256,253,1021
1257,11,1023
1258,163,1011
1259,389,1012
1260,38,1007
1261,359,1028
1262,125,1028
1263,182,1028
1264,144,1037
1265,374,1035
1266,105,1001
1267,107,1023
1268,32,1008
1269,303,1037
1270,211,1019
1271,24,1022
1272,16,1038
1273,138,1027
1274,364,1001
1275,74,1025
1276,22,1005
1277,112,1020
1278,100,1020
1279,163,1038
1280,243,1028
1281,241,1039
1282,305,1034
1283,117,1037
1284,283,1006
1285,384,1001
1286,386,1036
1287,352,1032
1288,128,1002
1289,274,1025
1290,258,1020
1291,199,1027
1292,56,1036
1293,318,1018
1294,15,1011
1295,350,1029
1296,185,1013
1297,230,1028
1298,280,1014
1299,138,1020
1300,131,1004
1301,74,1023
1302,10,1019
1303,167,1024
1304,204,1025
1305,85,1031
1306,33,1011
1307,82,1023
1308,172,1022
1309,48,1019
1310,87,1025
1311,76,1003
1312,29,1022
1313,105,1032
1314,320,1019
1315,274,1007
1316,377,1017
1317,5,1003
1318,266,1035
1319,138,1022
1320,1,1007
1321,181,1004
1322,102,1004
1323,142,1029
1324,175,1014
1325,108,1012
1326,225,1037
1327,38,1034
1328,346,1039
1329,265,1001
1330,200,1016
1331,84,1009
1332,262,1014
1333,159,1007
1334,339,1017
1335,223,1006
1336,177,1013
1337,145,1032
1338,205,1029
1339,162,1035
1340,322,1028
1341,231,1006
1342,214,1015
1343,91,1037
1344,184,1028
1345,88,1019
1346,332,1014
1347,370,1028
1348,143,1002
1349,112,1027
1350,308,1018
1351,241,1012
1352,228,1016
1353,179,1015
1354,17,1015
1355,135,1010
1356,143,1030
1357,331,1015
1358,118,1034
1359,380,1031
1360,287,1011
1361,254,1008
1362,395,1036
1363,47,1024
1364,58,1000
1365,344,1018
1366,345,1012
1367,206,1002
1368,113,1024
1369,385,1039
1370,389,1011
1371,250,1028
1372,200,1018
1373,77,1035
1374,399,1018
1375,190,1018
1376,201,1020
1377,202,1007
1378,328,1013
1379,232,1026
1380,73,1007
1381,115,1019
1382,347,1023
1383,42,1034
1384,227,1022
1385,322,1034
1386,153,1023
1387,89,1021
1388,250,1027
1389,267,1008
1390,391,1003
1391,185,1009
1392,52,1037
1393,24,1010
1394,162,1022
1395,110,1011
1396,131,1032
1397,354,1033
1398,358,1028
1399,318,1027
1400,15,1012
1401,78,1036
1402,77,1037
1403,89,1026
1404,287,1001
1405,330,1007
1406,159,1011
1407,93,1011
1408,326,1010
1409,187,1038
1410,109,1022
1411,28,1030
1412,356,1000
1413,307,1024
1414,295,1032
1415,78,1003
1416,54,1009
1417,247,1038
1418,112,1016
1419,209,1022
1420,169,1017
1421,237,1033
1422,278,1021
1423,25,1027
1424,259,1011
1425,113,1020
1426,101,1031
1427,130,1034
1428,259,1022
1429,211,1031
1430,320,1026
1431,162,1032
1432,314,1014
1433,235,1024
1434,161,1038
1435,31,1031
1436,15,1016
1437,26,1020
1438,240,1017
1439,339,1032
1440,63,1021
1441,263,1021
1442,306,1008
1443,128,1005
1444,54,1037
1445,369,1000
1446,55,1025
1447,168,1012
1448,110,1030
1449,262,1008
1450,277,1007
1451,304,1014
1452,390,1002
1453,90,1030
1454,250,1027
1455,119,1032
1456,190,1018
1457,171,1012
1458,292,1004
1459,298,1001
1460,395,1021
1461,163,1005
1462,248,1007
1463,380,1028
1464,110,1031
1465,157,1002
1466,188,1008
1467,57,1007
1468,37,1006
1469,230,1020
1470,163,1000
1471,68,1022
1472,235,1001
1473,388,1032
1474,79,1037
1475,367,1019
1476,2,1037
1477,182,1033
1478,315,1024
1479,258,1022
1480,155,1024
1481,297,1019
1482,327,1009
1483,223,1037
1484,55,1000
1485,158,1020
1486,48,1002
1487,380,1010
1488,395,1016
1489,361,1031
1490,210,1027
1491,390,1027
1492,88,1027
1493,223,1031
1494,156,1021
1495,355,1009
1496,268,1016
1497,161,1000
1498,221,1035
1499,348,1027
1500,355,1034
1501,47,1019
1502,382,1004
1503,87,1019
1504,85,1009
1505,222,1037
1506,346,1036
1507,162,1005
1508,285,1008
1509,64,1022
1510,193,1014
1511,288,1002
1512,293,1011
1513,151,1013
1514,130,1006
1515,329,1022
1516,336,1031
1517,172,1029
1518,140,1011
1519,339,1038
1520,179,1005
1521,253,1026
1522,236,1035
1523,222,1029
1524,161,1038
1525,390,1014
1526,309,1003
1527,25,1038
1528,349,1024
1529,114,1017
1530,317,1006
1531,379,1025
1532,204,1001
1533,267,1017
1534,31,1019
1535,220,1007
1536,88,1029
1537,229,1033
1538,371,1006
1539,33,1020
1540,300,1026
1541,184,1008
1542,227,1025
1543,288,1016
1544,292,1027
1545,127,1036
1546,213,1000
1547,293,1006
1548,156,1012
1549,364,1039
1550,276,1019
1551,308,1019
1552,222,1036
1553,345,1008
1554,348,1016
1555,30,1009
1556,13,1002
1557,290,1000
1558,214,1024
1559,115,1016
1560,106,1008
1561,228,1019
1562,51,1033
1563,335,1033
1564,155,1039
1565,16,1029
1566,112,1009
1567,164,1033
1568,388,1017
1569,318,1006
1570,243,1002
1571,137,1037
1572,331,1014
1573,66,1030
1574,198,1030
1575,129,1032
1576,248,1006
1577,317,1029
1578,52,1027
1579,350,1015
1580,173,1014
1581,252,1020
1582,377,1014
1583,376,1019
1584,130,1026
1585,65,1017
1586,349,1001
1587,334,1005
1588,325,1031
1589,86,1024
1590,263,1033
1591,353,1005
1592,59,1007
1593,81,1004
1594,380,1018
1595,156,1003
1596,307,1030
1597,102,1008
1598,16,1021
1599,267,1028
1600,235,1008
1601,118,1007
1602,185,1001
1603,347,1037
1604,88,1019
1605,221,1016
1606,307,1016
1607,394,1037
1608,376,1026
1609,12,1015
1610,276,1005
1611,263,1007
1612,342,1038
1613,294,1001
1614,361,1027
1615,303,1019
1616,250,1014
1617,306,1020
1618,73,1005
1619,245,1001
1620,6,1031
1621,269,1015
1622,135,1000
1623,264,1004
1624,277,1012
1625,318,1014
1626,186,1017
1627,395,1021
1628,141,1028
1629,334,1018
1630,200,1005
1631,341,1021
1632,41,1004
1633,30,1032
1634,351,1003
1635,338,1019
1636,307,1026
1637,53,1012
1638,82,1023
1639,205,1034
1640,340,1004
1641,372,1004
1642,23,1005
1643,82,1022
1644,172,1000
1645,225,1019
1646,167,1004
1647,19,1005
1648,395,1022
1649,354,1028
1650,339,1000
1651,186,1025
1652,88,1007
1653,230,1011
1654,264,1025
1655,150,1023
1656,318,1007
1657,317,1026
1658,31,1016
1659,366,1017
1660,73,1002
1661,79,1039
1662,143,1030
1663,328,1023
1664,311,1026
1665,302,1028
1666,375,1000
1667,148,1024
1668,142,1032
1669,215,1033
1670,207,1025
1671,386,1011
1672,9,1002
1673,312,1029
1674,181,1024
1675,284,1037
1676,134,1035
1677,52,1001
1678,143,1020
1679,99,1021
1680,207,1028
1681,32,1037
1682,367,1001
1683,306,1012
1684,32,1017
1685,90,1005
1686,215,1036
1687,266,1036
1688,129,1030
1689,199,1002
1690,43,1019
1691,177,1009
1692,66,1003
1693,57,1022
1694,3,1032
1695,50,1033
1696,180,1011
1697,372,1022
1698,314,1003
1699,258,1002
1700,77,1000
1701,176,1035
1702,156,1035
1703,166,1026
1704,377,1025
1705,34,1015
1706,301,1009
1707,366,1017
1708,353,1013
1709,235,1028
1710,47,1028
1711,393,1036
1712,209,1035
1713,163,1018
1714,2,1004
1715,150,1016
1716,278,1008
1717,319,1006
1718,170,1023
1719,140,1005
1720,224,1031
1721,361,1029
1722,368,1030
1723,386,1039
1724,392,1030
1725,21,1037
1726,181,1004
1727,51,1007
1728,176,1027
1729,293,1029
1730,336,1033
1731,346,1021
1732,377,1031
1733,90,1036
1734,181,1029
1735,98,1021
1736,143,1028
1737,128,1029
1738,122,1037
1739,281,1038
1740,60,1015
1741,200,1016
1742,374,1026
1743,368,1024
1744,303,1020
1745,220,1033
1746,64,1019
1747,136,1001
1748,252,1021
1749,43,1018
1750,88,1005
1751,19,1037
1752,18,1034
1753,357,1001
1754,80,1037
1755,151,1038
1756,179,1022
1757,272,1001
1758,329,1037
1759,185,1010
1760,7,1019
1761,314,1010
1762,296,1007
1763,311,1003
1764,58,1004
1765,365,1003
1766,270,1023
1767,44,1018
1768,169,1022
1769,216,1006
1770,202,1020
1771,61,1027
1772,109,1001
1773,227,1012
1774,65,1031
1775,177,1037
1776,21,1039
1777,283,1007
1778,133,1030
1779,301,1032
1780,382,1011
1781,244,1012
1782,252,1032
1783,32,1024
1784,245,1020
1785,378,1014
1786,139,1009
1787,121,1000
1788,76,1012
1789,110,1022
1790,36,1034
1791,0,1028
1792,124,1038
1793,165,1029
1794,102,1031
1795,334,1020
1796,89,1032
1797,106,1018
1798,39,1027
1799,331,1022
1800,221,1033
1801,29,1019
1802,9,1013
1803,23,1004
1804,174,1016
1805,169,1026
1806,252,1003
1807,281,1005
1808,95,1000
1809,257,1032
1810,328,1000
1811,80,1026
1812,100,1012
1813,319,1000
1814,9,1034
1815,74,1039
1816,376,1000
1817,55,1025
1818,121,1021
1819,175,1002
1820,212,1022
1821,354,1024
1822,326,1007
1823,397,1035
1824,113,1013
1825,337,1018
1826,29,1011
1827,52,1004
1828,268,1021
1829,156,1021
1830,339,1014
1831,109,1024
1832,146,1033
1833,366,1024
1834,350,1022
1835,260,1008
1836,70,1023
1837,310,1034
1838,130,1006
1839,102,1007
1840,224,1019
1841,66,1001
1842,394,1005
1843,397,1008
1844,306,1037
1845,155,1037
1846,65,1011
1847,366,1035
1848,183,1016
1849,19,1017
1850,382,1000
1851,106,1002
1852,218,1002
1853,261,1023
1854,379,1003
1855,314,1018
1856,356,1002
1857,262,1021
1858,359,1012
1859,81,1021
1860,236,1008
1861,299,1011
1862,63,1019
1863,375,1001
1864,391,1031
1865,326,1039
1866,31,1039
1867,143,1012
1868,67,1006
1869,32,1035
1870,52,1039
1871,5,1023
1872,199,1024
1873,345,1011
1874,289,1037
1875,41,1004
1876,198,1020
1877,344,1022
1878,234,1032
1879,103,1026
1880,180,1012
1881,226,1039
1882,70,1033
1883,200,1033
1884,141,1007
1885,99,1003
1886,72,1017
1887,317,1000
1888,154,1039
1889,28,1012
1890,312,1005
1891,246,1003
1892,133,1022
1893,251,1004
1894,203,1015
1895,215,1003
1896,153,1007
1897,275,1035
1898,261,1027
1899,259,1002
1900,237,1034
1901,136,1036
1902,108,1029
1903,341,1018
1904,270,1035
1905,135,1012
1906,157,1017
1907,61,1002
1908,176,1008
1909,65,1019
1910,281,1014
1911,342,1002
1912,255,1031
1913,110,1018
1914,24,1018
1915,339,1037
1916,24,1034
1917,52,1028
1918,217,1036
1919,39,1033
1920,187,1003
1921,224,1035
1922,379,1015
1923,385,1025
1924,339,1026
1925,276,1028
1926,375,1034
1927,321,1020
1928,340,1010
1929,325,1017
1930,108,1027
1931,148,1016
1932,375,1012
1933,308,1006
1934,311,1024
1935,342,1025
1936,210,1008
1937,209,1035
1938,151,1007
1939,67,1031
1940,129,1000
1941,184,1033
1942,362,1015
1943,39,1017
1944,76,1012
1945,220,1025
1946,396,1009
1947,199,1037
1948,269,1020
1949,352,1020
1950,214,1020
1951,280,1030
1952,96,1001
1953,312,1039
1954,89,1009
1955,392,1028
1956,21,1027
1957,349,1036
1958,57,1004
1959,144,1003
1960,368,1012
1961,246,1001
1962,253,1002
1963,89,1016
1964,36,1027
1965,20,1032
1966,137,1033
1967,245,1014
1968,322,1031
1969,335,1004
1970,152,1035
1971,318,1017
1972,372,1019
1973,305,1009
1974,209,1018
1975,299,1030
1976,349,1032
1977,389,1024
1978,54,1005
1979,259,1038
1980,234,1014
1981,324,1031
1982,364,1038
1983,70,1022
1984,312,1035
1985,333,1015
1986,367,1001
1987,377,1004
1988,0,1003
1989,219,1036
1990,386,1020
1991,39,1030
1992,299,1006
1993,351,1021
1994,385,1034
1995,208,1013
1996,287,1021
1997,272,1001
1998,180,1027
1999,323,1028
$